0.1 0.1 0.1 0.1 0.1 1
0.2 0.1 0.1 0.1 0.1 1
0.1 0.2 0.1 0.1 0.1 1
0.1 0.1 0.2 0.1 0.1 1
0.1 0.1 0.1 0.2 0.1 1
0.1 0.1 0.1 0.1 0.2 1
0.2 0.2 0.1 0.1 0.1 1
0.1 0.2 0.2 0.1 0.1 1
0.1 0.1 0.2 0.2 0.1 1
0.1 0.1 0.1 0.2 0.2 1
0.2 0.2 0.2 0.2 0.2 2
0.3 0.2 0.2 0.2 0.2 2
0.2 0.3 0.2 0.2 0.2 2
0.2 0.2 0.3 0.2 0.2 2
0.2 0.2 0.2 0.3 0.2 2
0.2 0.2 0.2 0.2 0.3 2
0.3 0.3 0.2 0.2 0.2 2
0.2 0.3 0.3 0.2 0.2 2
0.2 0.2 0.3 0.3 0.2 2
0.2 0.2 0.2 0.3 0.3 2
0.4 0.4 0.4 0.4 0.4 3
0.5 0.4 0.4 0.4 0.4 3
0.4 0.5 0.4 0.4 0.4 3
0.4 0.4 0.5 0.4 0.4 3
0.4 0.4 0.4 0.5 0.4 3
0.4 0.4 0.4 0.4 0.5 3
0.5 0.5 0.4 0.4 0.4 3
0.4 0.5 0.5 0.4 0.4 3
0.4 0.4 0.5 0.5 0.4 3
0.4 0.4 0.4 0.5 0.5 3
0.6 0.6 0.6 0.6 0.6 4
0.7 0.6 0.6 0.6 0.6 4
0.6 0.7 0.6 0.6 0.6 4
0.6 0.6 0.7 0.6 0.6 4
0.6 0.6 0.6 0.7 0.6 4
0.6 0.6 0.6 0.6 0.7 4
0.7 0.7 0.6 0.6 0.6 4
0.6 0.7 0.7 0.6 0.6 4
0.6 0.6 0.7 0.7 0.6 4
0.6 0.6 0.6 0.7 0.7 4
0.7 0.7 0.7 0.7 0.7 4
0.8 0.8 0.8 0.8 0.8 5
0.9 0.8 0.8 0.8 0.8 5
0.8 0.9 0.8 0.8 0.8 5
0.8 0.8 0.9 0.8 0.8 5
0.8 0.8 0.8 0.9 0.8 5
0.8 0.8 0.8 0.8 0.9 5
0.8 0.8 0.8 0.9 0.9 5
0.8 0.8 0.9 0.9 0.9 5
0.8 0.9 0.9 0.9 0.9 5
0.9 0.9 0.9 0.9 0.9 5
1 1 1 1 1 5
